-0.00011129
-0.00009069
-0.00010950
-0.00016942
-0.00010650
-0.00031629
-0.00021550
-0.00017063
-0.00021732
-0.00020898
-0.00030027
-0.00026878
-0.00034738
-0.00030027
-0.00028046
-0.00026928
-0.00029043
-0.00029321
-0.00029481
-0.00029277
-0.00045810
-0.00006817
-0.00026615
-0.00006724
-0.00024798
-0.00004007
-0.00004970
-0.00011545
0.00000595
-0.00000990
-0.00000082
0.00006815
-0.00014460
0.00009484
-0.00004846
-0.00011272
0.00012079
-0.00012782
0.00011551
-0.00016351
-0.00017212
-0.00016625
-0.00016502
-0.00034939
-0.00023556
-0.00032433
-0.00025047
-0.00047403
-0.00024085
-0.00029395
-0.00041948
-0.00022613
-0.00008284
0.00016299
0.00013552
0.00013134
0.00002749
-0.00002742
0.00010857
0.00007831
0.00008917
0.00002755
0.00003563
0.00002798
0.00003019
0.00005214
0.00008367
0.00008421
0.00008367
0.00019667
0.00009231
-0.00010901
-0.00005063
-0.00022118
-0.00022654
0.00004188
-0.00010924
-0.00012564
-0.00034966
-0.00016171
-0.00029887
-0.00024792
-0.00043071
-0.00042019
-0.00009986
-0.00011360
-0.00012686
-0.00011470
-0.00013208
-0.00010893
-0.00022841
-0.00017129
-0.00010387
-0.00009836
-0.00017129
-0.00025362
-0.00018710
-0.00016129
-0.00007457
-0.00015817
-0.00011431
-0.00020206
-0.00006941
-0.00019786
-0.00009865
-0.00038132
-0.00009490
-0.00019889
-0.00031158
-0.00036277
-0.00036277
-0.00015733
-0.00010087
-0.00010512
-0.00007950
-0.00034989
-0.00013419
-0.00031353
-0.00013895
-0.00009648
-0.00015511
-0.00007124
-0.00032870
-0.00012545
-0.00012305
-0.00008234
-0.00025651
-0.00006736
-0.00011901
-0.00032850
-0.00008438
-0.00005696
-0.00018028
-0.00013687
-0.00013308
-0.00008394
-0.00004125
-0.00005051
-0.00031698
-0.00006701
-0.00007244
-0.00012774
-0.00027566
-0.00027175
-0.00028424
-0.00028424
-0.00027175
-0.00030814
-0.00030814
-0.00028424
-0.00031590
-0.00030523
-0.00032498
-0.00042684
-0.00031590
-0.00005145
-0.00006885
-0.00004189
-0.00003353
-0.00003778
-0.00004758
-0.00005079
-0.00002592
-0.00013838
-0.00004718
-0.00013476
-0.00017049
-0.00009698
-0.00012216
-0.00033795
-0.00009131
-0.00011574
-0.00024438
-0.00007783
-0.00009536
-0.00017914
-0.00012386
-0.00017262
-0.00007490
-0.00017106
-0.00028877
-0.00003892
-0.00004147
-0.00004247
-0.00007970
-0.00006006
0.00002945
-0.00006346
0.00005347
0.00006040
0.00004182
0.00005192
0.00007533
0.00008008
0.00004739
-0.00002341
-0.00013099
-0.00018995
-0.00000836
-0.00001595
-0.00000836
-0.00009009
0.00024146
0.00021516
0.00020598
0.00019923
0.00026072
0.00024688
0.00021943
0.00024428
0.00024508
0.00022962
0.00028352
0.00025651
0.00026426
0.00003025
0.00004916
-0.00018306
-0.00013117
-0.00012955
-0.00015726
-0.00011514
-0.00020284
-0.00020284
0.00004916
